
[=========================]
[Matrix Before Calculation]
[=========================]

[0 Calculation]  ABC' (3)
Index : [ 0  , 28 , 4  , ]

[ 0]    0    1      [ 1]    0    1      [ 2]    0    1      
_______________     _______________     _______________     
  0|  -11    0        0|   -5  -45        0|  -59  -37      
  1|   79   13        1|   77   71        1|  -37  -81      

[1 Calculation]  ABC' (3)
Index : [ 29 , 3  , 28 , ]

[ 0]    0    1      [ 1]    0    1      [ 2]    0    1      
_______________     _______________     _______________     
  0|  -46 -112        0|  -65   73        0|   -5   77      
  1| -125   49        1|   62   -5        1|  -45   71      

[2 Calculation]  AB'C (2)
Index : [ 3  , 14 , 24 , ]

[ 0]    0    1      [ 1]    0    1      [ 2]    0    1      
_______________     _______________     _______________     
  0|  -65   73        0|   -4   64        0|  122   -1      
  1|   62   -5        1|   22 -107        1|    7   31      

[3 Calculation]  ABC  (0)
Index : [ 16 , 9  , 1  , ]

[ 0]    0    1      [ 1]    0    1      [ 2]    0    1      
_______________     _______________     _______________     
  0| -113   23        0| -101  -22        0|   23   10      
  1|  113    0        1|   30  -70        1|   22  -10      

[4 Calculation]  ABC  (0)
Index : [ 22 , 8  , 30 , ]

[ 0]    0    1      [ 1]    0    1      [ 2]    0    1      
_______________     _______________     _______________     
  0| -115  -91        0| -124  -73        0|   52  -22      
  1|   16    7        1|   52  -84        1|  125  124      

[5 Calculation]  ABC' (3)
Index : [ 5  , 4  , 30 , ]

[ 0]    0    1      [ 1]    0    1      [ 2]    0    1      
_______________     _______________     _______________     
  0|  118  116        0|  -59  -37        0|   52  125      
  1| -122  -35        1|  -37  -81        1|  -22  124      

[6 Calculation]  A'BC (1)
Index : [ 5  , 27 , 5  , ]

[ 0]    0    1      [ 1]    0    1      [ 2]    0    1      
_______________     _______________     _______________     
  0|  118 -122        0| -115   57        0|  118  116      
  1|  116  -35        1| -101  -85        1| -122  -35      

[7 Calculation]  ABC' (3)
Index : [ 18 , 17 , 17 , ]

[ 0]    0    1      [ 1]    0    1      [ 2]    0    1      
_______________     _______________     _______________     
  0|   63  -81        0|  -39  123        0|  -39  106      
  1|   23  -81        1|  106  103        1|  123  103      

[8 Calculation]  ABC  (0)
Index : [ 4  , 19 , 15 , ]

[ 0]    0    1      [ 1]    0    1      [ 2]    0    1      
_______________     _______________     _______________     
  0|  -59  -37        0|   24  -94        0|   45   73      
  1|  -37  -81        1|  107   52        1|  106  -32      

[9 Calculation]  AB'C (2)
Index : [ 18 , 22 , 14 , ]

[ 0]    0    1      [ 1]    0    1      [ 2]    0    1      
_______________     _______________     _______________     
  0|   63  -81        0| -115   16        0|   -4   22      
  1|   23  -81        1|  -91    7        1|   64 -107      


[========================]
[Matrix after Calculation]
[========================]

[0 Calculation]  Gold trace :           169210

[       0]          0          1    [       1]          0          1    [       2]          0          1    
_________________________________   _________________________________   _________________________________   
        0|                                  0|         55        495            0|     -21560     -42130    
        1|                                  1|        606      -2632            1|      61630     190770    

[1 Calculation]  Gold trace :           339961

[       0]          0          1    [       1]          0          1    [       2]          0          1    
_________________________________   _________________________________   _________________________________   
        0|                                  0|      -3954      -2798            0|     145680    -503116    
        1|                                  1|      11163      -9370            1|     365835     194281    

[2 Calculation]  Gold trace :           283806

[       0]          0          1    [       1]          0          1    [       2]          0          1    
_________________________________   _________________________________   _________________________________   
        0|                                  0|       1866     -11971            0|     143855    -372967    
        1|                                  1|       -358       4503            1|     -12155     139951    

[3 Calculation]  Gold trace :           208371

[       0]          0          1    [       1]          0          1    [       2]          0          1    
_________________________________   _________________________________   _________________________________   
        0|                                  0|      12103        876            0|     297641     112270    
        1|                                  1|     -11413      -2486            1|    -317191     -89270    

[4 Calculation]  Gold trace :          2318227

[       0]          0          1    [       1]          0          1    [       2]          0          1    
_________________________________   _________________________________   _________________________________   
        0|                                  0|       9528      16039            0|    2500331    1779220    
        1|                                  1|      -1620      -1756            1|    -303740    -182104    

[5 Calculation]  Gold trace :          1690457

[       0]          0          1    [       1]          0          1    [       2]          0          1    
_________________________________   _________________________________   _________________________________   
        0|                                  0|     -11254     -13762            0|    -282444   -3113238    
        1|                                  1|       8493       7349            1|     279958    1972901    

[6 Calculation]  Gold trace :         -3705901

[       0]          0          1    [       1]          0          1    [       2]          0          1    
_________________________________   _________________________________   _________________________________   
        0|                                  0|      -1248      17096            0|   -2232976    -743128    
        1|                                  1|      -9805       9587            1|   -2326604   -1472925    

[7 Calculation]  Gold trace :         -1215525

[       0]          0          1    [       1]          0          1    [       2]          0          1    
_________________________________   _________________________________   _________________________________   
        0|                                  0|     -11043       -594            0|     357615   -1231740    
        1|                                  1|      -9483      -5514            1|    -308385   -1573140    

[8 Calculation]  Gold trace :          -531970

[       0]          0          1    [       1]          0          1    [       2]          0          1    
_________________________________   _________________________________   _________________________________   
        0|                                  0|      -5375       3622            0|     142057    -508279    
        1|                                  1|      -9555       -734            1|    -507779    -674027    

[9 Calculation]  Gold trace :           152985

[       0]          0          1    [       1]          0          1    [       2]          0          1    
_________________________________   _________________________________   _________________________________   
        0|                                  0|        126        441            0|      27720     -44415    
        1|                                  1|       4726       -199            1|     -31640     125265    

