[ PATNUM        ] : 999       
[ Current DRAM  ] : 32        

                    (row, col)
[ Dir & Dis     ] : (11 , 0  )
[ Input Address ] : fr 00001ca6
[ Input Address ] : to 00001da5

       0   1   2   3   4   5   6   7   8   9  10  11  12  13  14  15 
_____________________________________________________________________
  0 | 22  25   7  29   0  30  17  15   6  21   5  10   4   5  30   6 
  1 | 16   3   0  29  30   6   6  23  26   6  10  12   4  23   8  27 
  2 | 11   1   4  16   3  10  23   9   7   7  25  14   5  17  27  16 
  3 | 12  17  17   1   7  31  28  13  23  13  14   8   3  12   7  12 
  4 | 28  19  26  18   2  21  23  29  11  27   9   4   9   6  25  23 
  5 | 12  10   6   7   9  21  22  11  30   8  16  21  16  10  24   3 
  6 | 23  23  14   0  19   1  19  28   1  29   9  31   2  11   9   3 
  7 | 28  31   0  26  20  21  19  12  27  17   0  18  25   6  10  18 
  8 |  3   9  28  16   3   6   8  13  12  17   2  12  29   0  21  17 
  9 | 29  28  22  26  20   3  12   6  13  24   3  23   7   9   1   5 
 10 |  0   1  23  16  26  22   8  18  11  20  24  13  30  27  30  25 
 11 | 11   2  26   3   8  30  15   4  13   4  25  20  26  24  27  29 
 12 |  5  11  14   5  19  25  31   3  17  25   4   0   1  12  30   8 
 13 | 25  11  20   4  13  27   4  12  12  21  24  17  10  14  13  22 
 14 | 31  16   3  13   7  18  17  17  12  13  25  22  26  27   7   7 
 15 | 18  10   4   8  19   6  10  27  20   5  14  12   7  28   6   2 


[ GLCM  Address ] : fr 0000260c
[ GLCM  Address ] : to 00002a0b

[ Gold GLCM     ]

        0    1    2    3    4    5    6    7    8    9   10   11   12   13   14   15   16   17   18   19   20   21   22   23   24   25   26   27   28   29   30   31 
_____________________________________________________________________________________________________________________________________________________________________
  0 |   0    0    0    0    0    0    0    0    1    0    0    0    0    0    1    0    0    0    0    0    0    0    0    0    0    0    0    0    0    0    0    0 
  1 |   0    0    0    0    0    0    0    0    0    0    0    1    0    1    0    0    0    0    0    0    0    0    0    0    0    0    0    0    0    0    0    0 
  2 |   0    0    0    0    0    0    0    0    0    0    0    0    0    0    0    0    0    0    0    1    0    0    0    0    0    0    0    0    0    0    0    0 
  3 |   0    0    0    0    0    0    0    0    0    0    0    1    0    1    0    0    0    0    0    0    0    0    0    0    0    0    1    0    0    0    0    0 
  4 |   0    1    0    0    0    0    0    0    0    0    0    0    1    0    0    0    0    0    0    0    1    0    0    0    0    0    1    0    0    0    0    0 
  5 |   0    0    0    0    0    0    0    0    0    0    1    0    0    0    0    0    0    0    0    0    0    0    0    0    1    1    0    0    0    0    0    0 
  6 |   0    0    0    0    0    0    0    0    0    0    0    0    0    1    0    0    0    0    0    0    0    0    0    0    0    2    0    0    1    1    0    1 
  7 |   0    0    0    0    0    0    0    2    0    0    0    0    1    0    0    0    0    0    0    0    0    1    0    0    0    0    1    0    0    0    0    0 
  8 |   0    0    0    0    0    0    0    0    0    0    0    0    0    0    0    0    0    0    0    0    0    0    1    0    0    0    0    0    0    0    1    0 
  9 |   0    0    0    0    0    0    0    1    0    0    0    0    1    0    1    0    0    0    0    0    0    0    0    0    0    0    0    0    0    0    0    0 
 10 |   0    0    0    0    1    0    0    0    0    0    0    0    0    0    0    0    0    0    0    0    1    0    0    0    0    0    0    1    0    0    0    0 
 11 |   0    0    0    0    0    0    0    0    0    0    0    0    0    0    0    0    0    0    0    0    1    0    0    0    0    1    0    0    0    0    0    0 
 12 |   1    0    0    0    0    0    0    1    0    0    0    0    0    0    0    0    0    0    0    0    0    0    0    0    0    0    0    1    0    0    0    1 
 13 |   0    0    0    0    0    0    0    0    0    0    0    0    0    1    0    0    0    1    0    0    0    0    0    0    0    0    0    0    0    0    0    0 
 14 |   0    0    0    0    0    0    0    0    0    0    0    0    0    0    0    0    0    1    0    0    0    0    0    0    0    1    0    0    0    0    0    0 
 15 |   0    0    0    0    1    0    0    0    0    0    0    0    0    0    0    0    0    0    0    0    0    0    0    0    0    0    0    0    0    0    0    0 
 16 |   0    0    0    0    1    1    0    0    0    0    0    0    0    0    0    0    0    0    0    0    0    0    1    0    0    0    0    0    0    0    0    0 
 17 |   0    0    0    1    0    0    0    0    0    0    0    0    0    0    1    1    1    0    0    0    0    0    0    0    0    0    0    0    0    0    0    0 
 18 |   0    0    0    0    0    0    0    0    1    0    0    0    0    0    0    0    0    0    0    0    0    0    0    0    0    0    0    0    0    0    0    0 
 19 |   0    0    0    0    0    0    0    0    0    0    1    0    0    0    0    0    0    0    0    0    0    0    0    0    0    0    0    0    0    0    0    0 
 20 |   0    0    0    0    0    0    0    0    0    0    0    0    0    0    0    0    0    0    0    0    0    0    0    0    0    0    0    0    0    0    0    0 
 21 |   0    0    0    0    1    0    1    0    0    0    0    0    0    0    0    0    0    0    0    0    0    0    0    0    0    0    0    0    0    0    0    0 
 22 |   0    0    0    0    0    0    0    0    0    0    0    1    0    0    0    0    0    0    0    0    0    0    0    0    0    0    0    0    0    0    0    0 
 23 |   0    0    1    1    1    0    0    0    0    0    1    0    2    0    0    0    0    0    0    0    0    0    0    0    0    0    0    0    0    0    0    0 
 24 |   0    0    0    0    0    0    0    0    0    0    0    0    0    0    0    0    0    0    0    0    0    0    0    0    0    0    0    0    0    0    0    0 
 25 |   0    0    1    0    0    0    1    0    0    0    0    0    0    0    0    0    0    0    0    0    0    0    0    0    1    0    0    0    0    0    0    0 
 26 |   0    0    0    0    1    0    0    0    0    0    0    0    0    0    0    0    0    1    0    0    0    0    0    0    0    0    0    0    0    0    0    0 
 27 |   0    0    0    0    0    1    0    0    1    0    0    0    0    1    0    0    0    0    0    0    0    0    0    0    0    0    0    0    0    0    0    0 
 28 |   0    0    0    0    0    0    0    0    0    0    0    0    0    0    0    0    0    1    1    0    0    0    0    0    0    0    0    0    0    0    0    0 
 29 |   0    0    0    1    0    1    0    0    0    0    0    0    0    0    0    0    0    0    0    0    0    0    0    0    0    0    0    1    0    0    0    0 
 30 |   0    0    0    0    0    0    0    0    0    0    0    0    0    0    0    0    0    0    0    1    0    0    0    0    0    0    0    1    0    0    1    0 
 31 |   0    0    0    0    0    0    0    0    0    0    0    0    0    0    0    0    0    0    1    0    0    0    0    0    0    0    0    0    0    0    0    0 


[ Your GLCM     ]

        0    1    2    3    4    5    6    7    8    9   10   11   12   13   14   15   16   17   18   19   20   21   22   23   24   25   26   27   28   29   30   31 
_____________________________________________________________________________________________________________________________________________________________________
  0 |   0    0    0    0 *  1    0    0 *  1 *  0    0 *  1    0    0    0 *  0    0    0    0 *  1    0    0    0    0    0 *  1    0    0 *  1    0    0    0    0 
  1 |   0    0    0    0    0 *  1    0    0    0 *  1    0 *  0 *  1 *  0    0    0    0    0    0 *  1 *  1    0 *  1    0    0    0    0 *  1    0    0    0    0 
  2 |   0    0    0    0    0    0    0    0 *  1    0    0 *  1    0    0    0    0    0    0    0 *  0    0    0    0    0    0 *  1    0    0    0    0 *  1    0 
  3 |   0    0    0    0 *  1    0    0    0 *  1    0 *  1 *  0    0 *  0    0    0    0    0    0    0    0    0    0    0    0 *  1 *  0    0    0 *  1    0    0 
  4 |   0 *  0    0    0    0    0    0    0    0 *  1    0    0 *  0    0    0    0    0    0    0 *  1 *  0    0    0    0    0    0 *  0    0    0    0    0    0 
  5 |*  2    0    0    0    0 *  1    0    0    0    0 *  0    0 *  1 *  1    0    0    0    0    0    0    0    0    0 *  1 *  0 *  0    0    0    0    0    0    0 
  6 |   0    0    0    0    0    0    0    0    0    0    0    0 *  1 *  0    0    0    0    0    0    0    0    0    0    0 *  1 *  0    0    0 *  0 *  0    0 *  0 
  7 |*  1    0 *  1    0    0    0 *  1 *  0 *  1    0 *  2    0 *  0    0    0 *  1    0    0    0    0    0 *  0    0 *  1    0    0 *  0    0    0    0 *  1    0 
  8 |   0    0    0    0    0    0 *  1    0    0    0    0    0    0 *  1    0    0    0    0    0    0 *  1    0 *  0    0    0    0    0    0    0    0 *  0    0 
  9 |   0    0    0    0    0    0    0 *  0    0    0    0    0 *  0    0 *  0    0    0    0    0    0    0    0    0    0    0    0    0    0    0    0 *  1    0 
 10 |   0    0    0    0 *  0    0    0    0 *  1    0    0    0    0 *  1 *  1    0    0    0    0    0 *  0    0    0    0    0    0    0 *  0    0    0 *  1    0 
 11 |   0    0    0    0    0    0    0    0    0    0    0    0    0    0    0    0    0    0    0    0 *  2    0    0    0    0 *  0    0    0    0    0    0    0 
 12 |*  0    0    0    0    0 *  1    0    1    0    0    0    0    0 *  1    0    0    0    0    0    0 *  2    0 *  1    0    0    0    0 *  0    0    0 *  1 *  0 
 13 |   0    0    0    0 *  1    0    0    0    0    0 *  1 *  1    0 *  0    0    0    0 *  0 *  2    0 *  2    0    0    0    0 *  1    0    0    0    0    0    0 
 14 |   0    0    0    0    0    0    0 *  2    0    0 *  1    0 *  1    0 *  1    0    0 *  0    0    0    0    0    0    0    0 *  0    0    0    0    0    0    0 
 15 |   0 *  1    0    0 *  0    0    0    0    0    0    0    0    0    0    0    0    0 *  1    0    0    0    0    0    0    0    0    0    0    0    0    0    0 
 16 |   0    0    0    0 *  0 *  0    0    0    0    0    0 *  1    0    0    0    0    0    0    0    0    0    0 *  0    0    0    0 *  1    0    0    0    0    0 
 17 |*  1    0    0    1    0    0    0 *  1    0    0    0    0    0    0 *  0 *  0 *  0    0    0    0    0    0    0    0    0    0    0    0 *  1    0    0    0 
 18 |   0    0 *  1    0 *  1    0 *  1 *  1 *  0    0    0    0 *  1    0    0    0    0    0    0    0    0    0    0    0    0    0    0    0    0    0    0    0 
 19 |   0 *  1    0    0    0    0 *  1    0    0    0 *  0    0    0    0    0    0    0    0    0    0    0    0    0    0    0    0    0    0    0    0    0 *  1 
 20 |   0 *  1 *  1    0    0    0    0 *  1    0    0    0    0    0    0    0    0    0    0    0    0    0 *  1    0    0    0 *  2    0    0    0 *  1    0    0 
 21 |   0    0    0    0 *  0    0 *  0    0    0    0    0    0    0 *  1    0    0    0 *  1    0    0    0    0 *  1    0    0 *  1    0    0    0 *  1    0 *  1 
 22 |   0 *  1    0    0 *  1    0    0    0    0    0    0 *  0    0 *  1    0    0    0 *  1 *  1    0    0    0    0    0    0    0    0    0    0    0    0    0 
 23 |*  1    0 *  0 *  0 *  0    0    0    0    0    0 *  0    0 *  0    0    0    0 *  1    0 *  2    0    0    0    0    0    0    0    0    0 *  1 *  1    0    0 
 24 |   0    0    0    0    0    0    0    0    0    0    0    0    0    0    0    0 *  1 *  1    0    0    0    0    0    0 *  1    0    0    0    0    0    0    0 
 25 |   0    0 *  0    0    0 *  1 *  0 *  1    0    0 *  1    0    0    0    0    0    0    0    0    0    0    0    0 *  1 *  0    0    0    0    0    0    0    0 
 26 |   0    0    0    0 *  0    0    0    0 *  1    0    0    0    0 *  1    0    0    0 *  0    0    0    0    0    0    0    0    0    0    0    0    0    0    0 
 27 |   0    0    0    0    0 *  0 *  1    0    1    0    0    0    0 *  0    0    0    0    0    0 *  1    0    0    0    0    0    0    0    0    0    0    0    0 
 28 |   0    0 *  1 *  1 *  1    0    0    0    0    0    0    0    0    0    0    0    0 *  0 *  0    0    0    0    0    0    0    0    0    0    0    0    0    0 
 29 |   0    0    0 *  0    0 *  0    0    0    0    0    0    0    0    0    0    0    0    0    0    0    0 *  1 *  1    0    0    0    0 *  0    0    0    0    0 
 30 |   0    0    0 *  1    0 *  1    0    0    0    0    0    0    0    0    0    0 *  3    0    0    1    0 *  1    0    0    0    0    0 *  0    0    0 *  2    0 
 31 |   0    0    0    0    0    0    0    0    0 *  1 *  1    0    0 *  2    0    0    0    0    1    0    0    0    0    0    0    0    0    0 *  1    0    0 *  1 


