[PAT NO.    9]


[=======]
[ Input ]
[=======]

[0]   0   1   2   3   4   5     [1]   0   1   2   3   4   5     
____________________________    ____________________________    
 0|  72  18  91  37  36  64      0|  69 171  74 127  63 111     
 1|  52 254 211 189  59  71      1| 233 234 128 151  26 219     
 2|  15 151 178   0 198 231      2|  84 254  31  55 248  51     
 3| 105 234 101 215 137 207      3| 168 128 104 131  80  86     
 4| 116 160 118  28 241 148      4| 192 207  48 231  11 202     
 5|   7 161 105 209 192 215      5|  54 156  15 174 119 232     


[========]
[ Kernel ]
[========]

[K]   0   1   2     
________________    
 0| 251  19  69     
 1| 124 133 225     
 2|  40 207  86     


[========]
[ Weight ]
[========]

[W]   0   1     
____________    
 0|  29 129     
 1|  70  85     

