[PAT NO.   99]

[Matrix size : 2 ]

[================]
[Matrix Operation]
[================]

    idx1  idx2  idx3  mode
0   0     28    4     ABC' (3)
1   29    3     28    ABC' (3)
2   3     14    24    AB'C (2)
3   16    9     1     ABC  (0)
4   22    8     30    ABC  (0)
5   5     4     30    ABC' (3)
6   5     27    5     A'BC (1)
7   18    17    17    ABC' (3)
8   4     19    15    ABC  (0)
9   18    22    14    AB'C (2)

[======]
[Matrix]
[======]

[ 0]    0    1      [ 1]    0    1      [ 2]    0    1      [ 3]    0    1      
_______________     _______________     _______________     _______________     
  0|  -11    0        0|   23   10        0|  -91  -55        0|  -65   73      
  1|   79   13        1|   22  -10        1| -121   10        1|   62   -5      

[ 4]    0    1      [ 5]    0    1      [ 6]    0    1      [ 7]    0    1      
_______________     _______________     _______________     _______________     
  0|  -59  -37        0|  118  116        0|   74   52        0|  -43    1      
  1|  -37  -81        1| -122  -35        1|  106   85        1|  -74  -77      

[ 8]    0    1      [ 9]    0    1      [10]    0    1      [11]    0    1      
_______________     _______________     _______________     _______________     
  0| -124  -73        0| -101  -22        0|  -62  -91        0|   -5   38      
  1|   52  -84        1|   30  -70        1|   59   81        1|  -31   98      

[12]    0    1      [13]    0    1      [14]    0    1      [15]    0    1      
_______________     _______________     _______________     _______________     
  0|   87   14        0|   79   -1        0|   -4   22        0|   45   73      
  1|   -7   85        1| -103   65        1|   64 -107        1|  106  -32      

[16]    0    1      [17]    0    1      [18]    0    1      [19]    0    1      
_______________     _______________     _______________     _______________     
  0| -113   23        0|  -39  123        0|   63  -81        0|   24  -94      
  1|  113    0        1|  106  103        1|   23  -81        1|  107   52      

[20]    0    1      [21]    0    1      [22]    0    1      [23]    0    1      
_______________     _______________     _______________     _______________     
  0|    4  -93        0|  101   59        0| -115  -91        0|  126  -24      
  1|  -27  -20        1|   39   63        1|   16    7        1|  -54  117      

[24]    0    1      [25]    0    1      [26]    0    1      [27]    0    1      
_______________     _______________     _______________     _______________     
  0|  122   -1        0|   94   12        0|    3   21        0| -115   57      
  1|    7   31        1|  -32  -35        1| -109  -70        1| -101  -85      

[28]    0    1      [29]    0    1      [30]    0    1      [31]    0    1      
_______________     _______________     _______________     _______________     
  0|   -5  -45        0|  -46 -112        0|   52  -22        0|   72  -12      
  1|   77   71        1| -125   49        1|  125  124        1|  126  -85      

