[ PAT NO. 499 ]

[ matrix element ]

matrix index           0 
 -58  114  -49  123 
   6   96  -47    5 
  85  -36   38   22 
 104  -88  -46   14 


matrix index           1 
  75  102    0   28 
   5   18  -10   48 
 -95   49   12   38 
-115   69   58  -93 


matrix index           2 
  82 -104 -112   99 
-105 -124  -61  -44 
 -30  -57    7  -21 
-101  120  115  100 


matrix index           3 
  65   60   33  114 
  72  -42  -49 -113 
-101   27   33   93 
 -67  114   86  -20 


matrix index           4 
 119  110 -101   49 
-102  -94   45   21 
 -65  -66 -105  -23 
   0 -112  -83  -94 


matrix index           5 
  44   13   13  -89 
  97   97   83   21 
   9  -74   67   74 
 -72   63 -112 -107 


matrix index           6 
 -40  -96 -114   93 
 -92  -56  -11 -104 
  96  -33  -14  -18 
  89   86  -59  -33 


matrix index           7 
-116   48  -99   62 
  -2   43  -27  -33 
  56   77  -53  -44 
 -35   -4   38 -126 


matrix index           8 
 -43   47    0  -11 
   0  -37   -8   71 
 112   38  -84  -18 
 -95 -124  120   74 


matrix index           9 
  27   83   37  -49 
  10    6   95  -93 
 -78 -122 -117  124 
 -60   80  -47  -84 


matrix index          10 
   2   -9 -127   29 
 -77   25 -116  -93 
 -45   97  -45  116 
-118   46   -8   41 


matrix index          11 
 -54   -3  112 -113 
  36 -100 -110   45 
 -75  -35  -53  -38 
 -71   59  -63   41 


matrix index          12 
  45  -86 -105 -106 
 121 -104    1   69 
  36  -71  108  -90 
  -2   65  114  -35 


matrix index          13 
 -61   12  -63   70 
 -92  111   73  100 
  56  -88  -52   30 
 -60   21   30  -94 


matrix index          14 
 -36  -45   65  -76 
 -56  -59 -102   94 
  54   49  116  -66 
 -97   -2 -119   92 


matrix index          15 
 -26  -72   82   87 
-100  -39  -59   67 
 -20   18  -57 -111 
 -92 -114 -121  -37 


matrix index          16 
  75   85  118  -25 
  75  103   24   56 
-107  -97  -33   18 
 -55    4   90  -74 


matrix index          17 
 -50 -114   87   61 
 -45 -118   65  -32 
 -73  -96  109 -110 
  77  -83   21  -80 


matrix index          18 
 112  106   38   52 
 -25   26  -82  -76 
   4   53   27   14 
-114   68   -7   18 


matrix index          19 
 -52  119  123 -120 
  74   13  109  104 
  57  -80  -24 -103 
 112  -47   88   18 


matrix index          20 
  -7   38   54   57 
  56   85   12   75 
 127  123   12   54 
 -72   11  -14  -81 


matrix index          21 
 -22  -81   95  101 
  58  -61  -10   34 
  74  117  -41   56 
 113  -76   87 -113 


matrix index          22 
 -52  -15    6  -83 
  18  101   87 -114 
  58  -45 -113   37 
  74   -4  -57  100 


matrix index          23 
 104   79   33   20 
  19  -26   -5  104 
  -7   -3   84 -107 
 -15  -29   18   72 


matrix index          24 
   4   17  -19   94 
   3  -16  -83  -90 
  31  -12   -6   16 
 125   20  -10   32 


matrix index          25 
 -63   68   81  112 
  -3    8 -105  -78 
  13   44  -16  114 
  69  -57    2   -7 


matrix index          26 
  -7  -98  -70   49 
 -49  -12   36  -44 
 -46  -16   25   68 
 -59  -91  115  107 


matrix index          27 
  37   86  124  107 
  89   19  -35 -116 
   6   63   51   38 
  -4  -96 -106  117 


matrix index          28 
  55 -116  -77   39 
 -15   69  -54  -13 
  46  -81   50  -91 
 -52   92   41  -29 


matrix index          29 
 126  -93  -92   15 
 -65  -56   85 -101 
  27  -54  -96   33 
 -37    6  -73  -88 


matrix index          30 
-124  -91 -103   83 
  31 -109   37  114 
  72  114    0  -82 
 116  -69  124   64 


matrix index          31 
 -18   34   68  127 
   0   64 -125  -99 
 -68   59  -82  -19 
 -30  -25  -61   20 


