[ PAT NO. 499 ]

[ calculate matrix AB ]

[ AxB ]

             5279                 1              2570             -2831 
            -2859             -2491              4121             -7373 
           -17142               614             -8346             11654 
            15398              -948              9205            -16402 


[ calculate matrix ABC ]

[ AxBxCT ]

           267705            445886            722323            381572 
           434404           -591491           1182575            571652 
         -1183188          -1342258          -2610934          -1285140 
          1546525            839217           3091956           1531024 


