[ PAT NO. 999 ]

[image matrix element ]

matrix index           0 
 83 114 184  38  50 105 
203  82 253 237 171 137 
172 251 207 209  66   2 
216  56 182 143  80  54 
 96 201  18  79 152 114 
186 104 132 173 231 196 


matrix index           1 
104 103 205  54  10 162 
163 181  98  44  91 243 
 41  52  64 240  45 100 
246  61 116  67  69   8 
246 142 163  96  15 106 
 92  79 100 209 238 226 


[kernel matrix element ]

132 255 109 
189 228  67 
144  62 129 


[weight matrix element ]

 13  53 
228 216 


