[ PAT NO. 999 ]

[1. calculate convolution ]

[ kernel_matrix ]
132 255 109 
189 228  67 
144  62 129 


[ in_matrix convolute kernel_matrix 0]

feature_map 0 [          0][          0]
 83 114 184 
203  82 253 
172 251 207 
  201129 

feature_map 0 [          0][          1]
114 184  38 
 82 253 237 
251 207 209 
  231110 

feature_map 0 [          0][          2]
184  38  50 
253 237 171 
207 209  66 
  204018 

feature_map 0 [          0][          3]
 38  50 105 
237 171 137 
209  66   2 
  156617 

feature_map 0 [          1][          0]
203  82 253 
172 251 207 
216  56 182 
  236942 

feature_map 0 [          1][          1]
 82 253 237 
251 207 209 
 56 182 143 
  247605 

feature_map 0 [          1][          2]
253 237 171 
207 209  66 
182 143  80 
  249061 

feature_map 0 [          1][          3]
237 171 137 
209  66   2 
143  80  54 
  177023 

feature_map 0 [          2][          0]
172 251 207 
216  56 182 
 96 201  18 
  203666 

feature_map 0 [          2][          1]
251 207 209 
 56 182 143 
201  18  79 
  210610 

feature_map 0 [          2][          2]
207 209  66 
182 143  80 
 18  79 152 
  187273 

feature_map 0 [          2][          3]
209  66   2 
143  80  54 
 79 152 114 
  129027 

feature_map 0 [          3][          0]
216  56 182 
 96 201  18 
186 104 132 
  178068 

feature_map 0 [          3][          1]
 56 182 143 
201  18  79 
104 132 173 
  162252 

feature_map 0 [          3][          2]
182 143  80 
 18  79 152 
132 173 231 
  160340 

feature_map 0 [          3][          3]
143  80  54 
 79 152 114 
173 231 196 
  166905 



[ in_matrix convolute kernel_matrix 1]

feature_map 1 [          0][          0]
104 103 205 
163 181  98 
 41  52  64 
  158363 

feature_map 1 [          0][          1]
103 205  54 
181  98  44 
 52  64 240 
  173674 

feature_map 1 [          0][          2]
205  54  10 
 98  44  91 
 64 240  45 
  106472 

feature_map 1 [          0][          3]
 54  10 162 
 44  91 243 
240  45 100 
  122931 

feature_map 1 [          1][          0]
163 181  98 
 41  52  64 
246  61 116 
  156416 

feature_map 1 [          1][          1]
181  98  44 
 52  64 240 
 61 116  67 
  118797 

feature_map 1 [          1][          2]
 98  44  91 
 64 240  45 
116  67  69 
  133665 

feature_map 1 [          1][          3]
 44  91 243 
240  45 100 
 67  69   8 
  132778 

feature_map 1 [          2][          0]
 41  52  64 
246  61 116 
246 142 163 
  159077 

feature_map 1 [          2][          1]
 52  64 240 
 61 116  67 
142 163  96 
  134748 

feature_map 1 [          2][          2]
 64 240  45 
116  67  69 
163  96  15 
  147735 

feature_map 1 [          2][          3]
240  45 100 
 67  69   8 
 96  15 106 
  111414 

feature_map 1 [          3][          0]
246  61 116 
246 142 163 
 92  79 100 
  181508 

feature_map 1 [          3][          1]
 61 116  67 
142 163  96 
 79 100 209 
  159906 

feature_map 1 [          3][          2]
116  67  69 
163  96  15 
100 209 238 
  151678 

feature_map 1 [          3][          3]
 67  69   8 
 96  15 106 
209 238 226 
  129983 



feature_map           0
  201129   231110   204018   156617 
  236942   247605   249061   177023 
  203666   210610   187273   129027 
  178068   162252   160340   166905 


feature_map           1
  158363   173674   106472   122931 
  156416   118797   133665   132778 
  159077   134748   147735   111414 
  181508   159906   151678   129983 




quantize_feature_map           0
 87 100  88  68 
103 107 108  77 
 88  91  81  56 
 77  70  69  72 


quantize_feature_map           1
 69  75  46  53 
 68  51  58  57 
 69  58  64  48 
 79  69  66  56 




max_pool_map           0
107 108 
 91  81 


max_pool_map           1
 75  58 
 79  66 




fully_conn_out           0
 26015  28999 
 19651  22319 


fully_conn_out           1
 14199  16503 
 16075  18443 




fully_conn_flat           0
 26015  28999  19651  22319 

fully_conn_flat           1
 14199  16503  16075  18443 



quan_flat           0
 51  56  38  43 

quan_flat           1
 27  32  31  36 



L1_dist
  62 

act_L1_dist
  62 