[PAT NO.  999]


[=======]
[ Input ]
[=======]

[0]   0   1   2   3   4   5     [1]   0   1   2   3   4   5     
____________________________    ____________________________    
 0| 218 209 138 218 254  63      0|  14  92 164  77  31 188     
 1| 195  23 128 235  95  32      1|  19 167 103  68 121  97     
 2| 131 128  74  64  98 242      2|  89  40   3 224  30  58     
 3| 201  18 155 244 227   1      3| 187 133  36 147 125  97     
 4|  87 212 242  78 149 105      4| 255   7 133 142  28 118     
 5|  25   0  93  12 224 126      5| 233 251  67 141 159  10     


[========]
[ Kernel ]
[========]

[K]   0   1   2     
________________    
 0|  98  31  96     
 1| 228 131 149     
 2|   7 186 138     


[========]
[ Weight ]
[========]

[W]   0   1     
____________    
 0| 170 179     
 1| 243 141     

